.Random.seed <-
c(403L, 10L, 1517589841L, 1591411715L, 1958898578L, 366577956L, 
1654263783L, -1775004611L, 1256465076L, 769011994L, 1048478309L, 
-1745590529L, 1789746054L, 26623248L, -1881655885L, -1894078895L, 
1940882944L, 886964958L, 531173673L, 2073296091L, 770132970L, 
-193913972L, -305537841L, -1827781499L, 1161580348L, -1223946734L, 
-1938715379L, 828298823L, 1741524014L, -1424502392L, -1179858805L, 
-1000168855L, 1667571256L, 830174950L, -1670376831L, 1150574099L, 
-1341838910L, 1790427764L, -646437769L, 488451437L, -558919164L, 
555561258L, 939894421L, -375730897L, 1206237238L, -1251341216L, 
-960814429L, -218999359L, 602874288L, -2119171890L, 1507384889L, 
-371793845L, 1224479226L, 1901792508L, -1579212481L, 2000805397L, 
-572760788L, -2130563582L, 2077996253L, -1926008873L, 1427180222L, 
1504939256L, 462549723L, 391293241L, 1334242440L, 1403001910L, 
-1081595791L, -230614365L, 729350130L, 1601721156L, 134183943L, 
69212637L, -875665708L, -1321612806L, -1810193083L, -1174900321L, 
313103142L, 983264176L, -534800301L, -1428089999L, 566682272L, 
1828623934L, 1801329993L, 1125180411L, -1476425782L, 75643180L, 
-99396305L, 88857573L, 1311646364L, -1342691598L, 260110189L, 
-1691565913L, 942916302L, -1499795416L, -1361408981L, -1837941175L, 
810252120L, 699933190L, -2043114527L, 1324460403L, 1332414946L, 
-336679596L, -439073705L, -350148531L, 1335520228L, 1257589194L, 
-1244835787L, -1530294641L, -1139597418L, 1472734016L, 1915489795L, 
1772114977L, 951457552L, -1022243602L, 2079216793L, 902349099L, 
-2005239782L, 1755706076L, 1591653087L, 1090055349L, 1721977420L, 
-1751632222L, -815456771L, -471124233L, -18259938L, 128905944L, 
-1607690693L, 1366991833L, -1632284312L, 1467885718L, -1736006127L, 
924442563L, 1272062930L, 508616292L, -1246810713L, 2028077821L, 
1339373300L, 601416154L, -457202395L, 552150079L, -821963834L, 
-1547157424L, -1663570829L, 1209925777L, 330506432L, 1984268958L, 
-1617705367L, 2100033179L, 636410794L, -707838004L, 572469903L, 
1885117125L, 126153340L, 1678646994L, -1894581683L, -16509177L, 
111016686L, -164302904L, 417378507L, -1896705751L, 1459530104L, 
282148518L, 1787996353L, -785604269L, -644968958L, 494982964L, 
-2133044041L, 1253098669L, 1391288772L, -1911979542L, -1536483755L, 
-2022002705L, 305209334L, 845076768L, -1409067293L, -1566691455L, 
579615216L, 1580673166L, -1637724167L, 1870243211L, 1744978362L, 
-875609924L, -143727617L, 577073493L, -1785533844L, -1233617214L, 
731326749L, 89538455L, -315589890L, 899473592L, 1660086939L, 
875677945L, -1120634296L, -42523274L, -491981647L, -956368669L, 
-1310558286L, -421074940L, 1590999879L, 2027606557L, -1612322668L, 
-1794398150L, -414594427L, 1918270303L, -1232497690L, -1879318928L, 
1795494291L, -533047759L, -1442378528L, -1932993154L, -156430327L, 
-524943301L, 1378110986L, -255369748L, -2098408849L, -48816731L, 
936664412L, -1270636238L, -218628051L, 944553703L, -1275341810L, 
-719594008L, -1195292693L, 1500108937L, -416203752L, -352511162L, 
-1805522527L, 1989990451L, 925603234L, -526228676L, 395520370L, 
-347669712L, 1770024228L, -216192200L, -280125734L, -1466964080L, 
1011388156L, -1934464108L, -905633726L, -231746304L, 1050788924L, 
1718960464L, -1393880926L, -278142648L, 1464653580L, -2115812644L, 
584084818L, -806910848L, -2020679596L, 727699432L, -681891590L, 
-1487033520L, -162169044L, 98888052L, 394849170L, -968005536L, 
-1390457460L, 7428960L, -2067138078L, -502991960L, 840381644L, 
2052046844L, 1305617842L, 341095920L, 1042893764L, 1506977112L, 
675715450L, 286016432L, 1569180092L, -29116332L, -680675390L, 
-424316896L, -525436740L, 45044304L, -150539294L, -1382268824L, 
-377797556L, -1055778564L, -1761309710L, -1203435264L, 1638400372L, 
252587016L, 850116538L, 25293264L, -222626836L, -2128780908L, 
-1070263854L, -1937272480L, 1751813964L, -1321903840L, 1845870466L, 
-1156452632L, 1142243564L, 1749873724L, -1786119310L, -1017823632L, 
1818448932L, -1919743176L, 1771760794L, 1085592272L, -1521401668L, 
585526932L, -1242777982L, -897726272L, 1535681340L, 1065720976L, 
-2141372894L, -862007288L, 1366203660L, -1706414948L, 293322258L, 
1868513152L, 1880215060L, 911813160L, 2142057786L, -2067068464L, 
-1907903380L, -2047858380L, -121694574L, -196916384L, -1556565172L, 
873609184L, -1642178654L, -1029044312L, 546893196L, 1449789628L, 
1269483890L, -1737534224L, -36310972L, 311402840L, -2100894150L, 
-1274954896L, 113653820L, 2134138644L, -1684232766L, 1353202400L, 
584701820L, -1238950192L, 1655969954L, -1843901400L, -1046682356L, 
-2098468932L, 575842610L, 2004183488L, 283855412L, -930882616L, 
1030748346L, -307943024L, -1644064276L, 1924809300L, -1000247150L, 
307474208L, 402565580L, 958977504L, 1958803138L, 102655016L, 
1948562092L, 34759868L, 1066412530L, -1661914832L, 742085796L, 
206456504L, 801914202L, -1103694448L, 1325355900L, 573925652L, 
942506818L, 795941632L, -1201489988L, 196403024L, 232194850L, 
-798974648L, 1479223820L, 735348828L, 717257938L, -1693836800L, 
-29332140L, -1063691800L, 2115652602L, -971472688L, 1534922028L, 
1832035060L, -1527653998L, -1300384672L, -520379124L, -1805200672L, 
-1711584926L, -2065753432L, 417301068L, -1009438340L, -1932786382L, 
2031857776L, 1872185156L, 1181793752L, 1114279034L, -21762512L, 
-663172420L, 964763476L, -1726639038L, -1946272352L, 1720978108L, 
869120464L, -46629534L, -1496551448L, 1406617548L, 919310076L, 
227762674L, -679966592L, -670137100L, 1125090952L, 1898403642L, 
1656828752L, -1693473172L, -1523007340L, 1286885714L, 1821343456L, 
1637348044L, -725880672L, 739654530L, 1995109096L, -744615188L, 
1535777852L, -250244494L, 1318351984L, -1823635932L, -618478536L, 
1089288218L, 1128438480L, -1472752580L, 1779377300L, 775330946L, 
1656604608L, -643409604L, -2111991152L, -1555928030L, 1866712072L, 
-817477492L, 51969052L, -1366157678L, -174504832L, -594194412L, 
763798824L, -440267206L, -421387056L, -1483713428L, 1920987828L, 
940611602L, 877250528L, -302747700L, 401116640L, 529104418L, 
792635688L, -1888808692L, 1285334588L, 2041221362L, -1765266704L, 
-214875924L, -2014403523L, -1344940025L, -178576400L, -1616269426L, 
1246014907L, -869643363L, -885763766L, -2130871960L, 1632202577L, 
-1339724733L, -2132232892L, 777016818L, 1237065671L, -632790639L, 
-1785309930L, -1487966860L, -1641190395L, -1632887729L, 1469886536L, 
602711526L, 1884240659L, -214737803L, 1506805330L, 1770897568L, 
-542500471L, -1598907973L, 1476408844L, 1336962970L, 1067669263L, 
-1068905127L, -1981732882L, 1651838588L, -950454547L, 660816279L, 
-390133152L, 1607761982L, -1183446773L, 1581632397L, -2038085446L, 
-1496789256L, 2097530017L, -191061933L, 35785588L, 685816066L, 
1917507991L, -722910367L, 110106534L, -349294172L, 1200793685L, 
-323699457L, -110427752L, 2001476278L, -1960283325L, 547827333L, 
1333748514L, -897705968L, 1013294009L, -287947669L, -922347684L, 
-702288246L, -618415489L, -1901222967L, -1178042274L, 1849877260L, 
1797737181L, -1406704665L, -1618511856L, -842132178L, -1816368677L, 
988589757L, 1338235946L, 1880677576L, 1002142193L, -1696811165L, 
-2030997660L, 1899923090L, 1064461159L, -1908781775L, -1621039498L, 
-836249708L, -458595419L, 1296848047L, -1741403800L, 1391817030L, 
-592295693L, -1018898859L, 1801173554L, -314931200L, 1947278569L, 
-52356261L, 41434540L, 1330685370L, 788603759L, -1767541511L, 
-182769266L, 1125342300L, -486920499L, -1830745545L, 1766080704L, 
980078494L, 248616043L, -35703827L, -1559308710L, 1990236440L, 
1118381697L, 278264883L, -525170092L, -969556382L, -361164553L, 
-1406794943L, 163756486L, -1169800444L, -1569184075L, 730452383L, 
-839348744L, -291634218L, -2053448093L, -2096046555L, 1510583746L, 
1060168368L, 1585162969L, 502189131L, -757722436L, 1222119658L, 
-1861153505L, 197973417L, -619662530L, 1996099116L, -259113859L, 
-416889145L, -1363935312L, 1854230990L, -225686789L, -1714333347L, 
-1292948854L, 571267240L, -321852399L, 649837827L, 651300868L, 
1421254706L, -536459129L, -810646319L, -1982603690L, 1270066740L, 
